SPEAKER         id       #SENT      #WORD       Corr        Sub        Ins        Del        Err      S.Err
20030004        raw        108       1513        283        966         15        264       1245        108
20030004        sys        108       1513      18.70      63.85       0.99      17.45      82.29     100.00
20030005        raw        108       1513        353       1067         90         93       1250        108
20030005        sys        108       1513      23.33      70.52       5.95       6.15      82.62     100.00
20030010        raw        108       1513        231        953          8        329       1290        108
20030010        sys        108       1513      15.27      62.99       0.53      21.74      85.26     100.00
20030013        raw        108       1513        168        878          7        467       1352        108
20030013        sys        108       1513      11.10      58.03       0.46      30.87      89.36     100.00
SUM             raw        432       6052       1035       3864        120       1153       5137        432
SUM             sys        432       6052      17.10      63.85       1.98      19.05      84.88     100.00
