SPEAKER         id       #SENT      #WORD       Corr        Sub        Ins        Del        Err      S.Err
20030004        raw        108       1513        157        944          1        412       1357        108
20030004        sys        108       1513      10.38      62.39       0.07      27.23      89.69     100.00
20030005        raw        108       1513        217       1181         88        115       1384        108
20030005        sys        108       1513      14.34      78.06       5.82       7.60      91.47     100.00
20030010        raw        108       1513        137        962          4        414       1380        108
20030010        sys        108       1513       9.05      63.58       0.26      27.36      91.21     100.00
20030013        raw        108       1513        113        834          2        566       1402        108
20030013        sys        108       1513       7.47      55.12       0.13      37.41      92.66     100.00
SUM             raw        432       6052        624       3921         95       1507       5523        432
SUM             sys        432       6052      10.31      64.79       1.57      24.90      91.26     100.00
