SPEAKER         id       #SENT      #WORD       Corr        Sub        Ins        Del        Err      S.Err
20030004        raw        108       1513        157        850          1        506       1357        108
20030004        sys        108       1513      10.38      56.18       0.07      33.44      89.69     100.00
20030005        raw        108       1513        212       1164         72        137       1373        108
20030005        sys        108       1513      14.01      76.93       4.76       9.05      90.75     100.00
20030010        raw        108       1513        156        890          6        467       1363        108
20030010        sys        108       1513      10.31      58.82       0.40      30.87      90.09     100.00
20030013        raw        108       1513        131        810          2        572       1384        108
20030013        sys        108       1513       8.66      53.54       0.13      37.81      91.47     100.00
SUM             raw        432       6052        656       3714         81       1682       5477        432
SUM             sys        432       6052      10.84      61.37       1.34      27.79      90.50     100.00
