SPEAKER         id       #SENT      #WORD       Corr        Sub        Ins        Del        Err      S.Err
20030004        raw        108       1513        158        949          1        406       1356        108
20030004        sys        108       1513      10.44      62.72       0.07      26.83      89.62     100.00
20030005        raw        108       1513        213       1183         88        117       1388        108
20030005        sys        108       1513      14.08      78.19       5.82       7.73      91.74     100.00
20030010        raw        108       1513        137        967          2        409       1378        108
20030010        sys        108       1513       9.05      63.91       0.13      27.03      91.08     100.00
20030013        raw        108       1513        110        816          2        587       1405        108
20030013        sys        108       1513       7.27      53.93       0.13      38.80      92.86     100.00
SUM             raw        432       6052        618       3915         93       1519       5527        432
SUM             sys        432       6052      10.21      64.69       1.54      25.10      91.33     100.00
