SPEAKER         id       #SENT      #WORD       Corr        Sub        Ins        Del        Err      S.Err
20030004        raw        108       1513        170        931          1        412       1344        108
20030004        sys        108       1513      11.24      61.53       0.07      27.23      88.83     100.00
20030005        raw        108       1513        215       1193        103        105       1401        108
20030005        sys        108       1513      14.21      78.85       6.81       6.94      92.60     100.00
20030010        raw        108       1513        144        968          6        401       1375        108
20030010        sys        108       1513       9.52      63.98       0.40      26.50      90.88     100.00
20030013        raw        108       1513        114        831          2        568       1401        108
20030013        sys        108       1513       7.53      54.92       0.13      37.54      92.60     100.00
SUM             raw        432       6052        643       3923        112       1486       5521        432
SUM             sys        432       6052      10.62      64.82       1.85      24.55      91.23     100.00
