SPEAKER         id       #SENT      #WORD       Corr        Sub        Ins        Del        Err      S.Err
20030004        raw        108       1513        122        927          1        464       1392        108
20030004        sys        108       1513       8.06      61.27       0.07      30.67      92.00     100.00
20030005        raw        108       1513        247       1145         84        121       1350        108
20030005        sys        108       1513      16.33      75.68       5.55       8.00      89.23     100.00
20030010        raw        108       1513        132        919          3        462       1384        108
20030010        sys        108       1513       8.72      60.74       0.20      30.54      91.47     100.00
20030013        raw        108       1513        125        875          1        513       1389        108
20030013        sys        108       1513       8.26      57.83       0.07      33.91      91.80     100.00
SUM             raw        432       6052        626       3866         89       1560       5515        432
SUM             sys        432       6052      10.34      63.88       1.47      25.78      91.13     100.00
