SPEAKER         id       #SENT      #WORD       Corr        Sub        Ins        Del        Err      S.Err
20030004        raw        108       1513        154        860          1        499       1360        108
20030004        sys        108       1513      10.18      56.84       0.07      32.98      89.89     100.00
20030005        raw        108       1513        213       1167         67        133       1367        108
20030005        sys        108       1513      14.08      77.13       4.43       8.79      90.35     100.00
20030010        raw        108       1513        164        900          4        449       1353        108
20030010        sys        108       1513      10.84      59.48       0.26      29.68      89.42     100.00
20030013        raw        108       1513        129        816          2        568       1386        108
20030013        sys        108       1513       8.53      53.93       0.13      37.54      91.61     100.00
SUM             raw        432       6052        660       3743         74       1649       5466        432
SUM             sys        432       6052      10.91      61.85       1.22      27.25      90.32     100.00
